matlabVisual features error
0	0.220677	0	0	0.156544	0	0	0.219091	0	0	0.235807	0	0	0.298473	0	0	0.237068	0	0	0.299761	0	0	0.157752	0	0	0.472819	0	0	0.356719	0	
1	0.220538	0	1	0.156639	0	1	0.21905	0	1	0.235886	0	1	0.299302	0	1	0.237049	0	1	0.299587	0	1	0.158718	0	1	0.473176	0	1	0.356767	0	
2	0.220398	0	2	0.156446	0	2	0.218989	0	2	0.235896	0	2	0.298452	0	2	0.237093	0	2	0.299705	0	2	0.157674	0	2	0.472727	0	2	0.356738	0	
3	0.220329	0	3	0.156455	0	3	0.218976	0	3	0.235911	0	3	0.298453	0	3	0.237096	0	3	0.299683	0	3	0.15765	0	3	0.472696	0	3	0.356747	0	
4	0.223575	0	4	0.157656	0	4	0.223405	0	4	0.237491	0	4	0.30123	0	4	0.239291	0	4	0.303936	0	4	0.159633	0	4	0.476427	0	4	0.359149	0	
5	0.235901	0	5	0.165205	0	5	0.234954	0	5	0.243887	0	5	0.314284	0	5	0.245447	0	5	0.314815	0	5	0.16695	0	5	0.488366	0	5	0.365267	0	
6	0.261982	0	6	0.180315	0	6	0.260488	0	6	0.258989	0	6	0.338932	0	6	0.259881	0	6	0.340406	0	6	0.181702	0	6	0.513909	0	6	0.380215	0	
7	0.332978	0	7	0.230241	0	7	0.330379	0	7	0.303541	0	7	0.405342	0	7	0.305697	0	7	0.406369	0	7	0.22893	0	7	0.581224	0	7	0.426722	0	
8	0.384782	0	8	0.277404	0	8	0.379813	0	8	0.345878	0	8	0.451378	0	8	0.347321	0	8	0.452785	0	8	0.274402	0	8	0.629394	0	8	0.47038	0	
9	0.397567	0	9	0.293599	0	9	0.39281	0	9	0.359542	0	9	0.463377	0	9	0.361714	0	9	0.462839	0	9	0.290295	0	9	0.641096	0	9	0.484981	0	
10	0.402438	0	10	0.304525	0	10	0.397556	0	10	0.368613	0	10	0.465895	0	10	0.370306	0	10	0.466313	0	10	0.29978	0	10	0.644757	0	10	0.494707	0	
11	0.396824	0	11	0.307823	0	11	0.391747	0	11	0.370189	0	11	0.459107	0	11	0.372042	0	11	0.458981	0	11	0.303244	0	11	0.638375	0	11	0.497039	0	
12	0.379682	0	12	0.296971	0	12	0.375441	0	12	0.358683	0	12	0.44144	0	12	0.359521	0	12	0.441032	0	12	0.292416	0	12	0.621378	0	12	0.485741	0	
13	0.369442	0	13	0.288183	0	13	0.365265	0	13	0.349833	0	13	0.431013	0	13	0.350123	0	13	0.431304	0	13	0.283605	0	13	0.61137	0	13	0.476966	0	
14	0.349919	0	14	0.269242	0	14	0.346395	0	14	0.330656	0	14	0.41113	0	14	0.330635	0	14	0.411413	0	14	0.265499	0	14	0.592116	0	14	0.458198	0	
15	0.339545	0	15	0.259276	0	15	0.337886	0	15	0.319664	0	15	0.401601	0	15	0.321278	0	15	0.40055	0	15	0.256395	0	15	0.582104	0	15	0.448475	0	
16	0.322515	0	16	0.242688	0	16	0.320583	0	16	0.302041	0	16	0.384164	0	16	0.30384	0	16	0.382487	0	16	0.23912	0	16	0.564431	0	16	0.431016	0	
17	0.313443	0	17	0.233915	0	17	0.311928	0	17	0.293327	0	17	0.37433	0	17	0.294725	0	17	0.373125	0	17	0.231156	0	17	0.5555	0	17	0.422599	0	
18	0.300335	0	18	0.22227	0	18	0.298785	0	18	0.279093	0	18	0.359996	0	18	0.281431	0	18	0.358143	0	18	0.219705	0	18	0.541425	0	18	0.409771	0	
19	0.293709	0	19	0.216172	0	19	0.292467	0	19	0.272549	0	19	0.35196	0	19	0.274181	0	19	0.350589	0	19	0.213645	0	19	0.534475	0	19	0.403482	0	
20	0.286857	0	20	0.210204	0	20	0.285659	0	20	0.267049	0	20	0.34463	0	20	0.267562	0	20	0.34383	0	20	0.208266	0	20	0.527966	0	20	0.397769	0	
21	0.274271	0	21	0.201552	0	21	0.274368	0	21	0.254461	0	21	0.331357	0	21	0.256635	0	21	0.329046	0	21	0.198051	0	21	0.514181	0	21	0.387107	0	
22	0.267356	0	22	0.194368	0	22	0.265239	0	22	0.248011	0	22	0.322112	0	22	0.248634	0	22	0.320086	0	22	0.193296	0	22	0.506609	0	22	0.38004	0	
23	0.253291	0	23	0.18437	0	23	0.252924	0	23	0.236613	0	23	0.307459	0	23	0.237395	0	23	0.306402	0	23	0.182708	0	23	0.492744	0	23	0.369913	0	
24	0.245903	0	24	0.178696	0	24	0.244965	0	24	0.228425	0	24	0.299283	0	24	0.230014	0	24	0.296094	0	24	0.176468	0	24	0.483951	0	24	0.362359	0	
25	0.231866	0	25	0.167925	0	25	0.230681	0	25	0.215626	0	25	0.282334	0	25	0.218039	0	25	0.280611	0	25	0.165709	0	25	0.468551	0	25	0.351096	0	
26	0.223099	0	26	0.161458	0	26	0.223015	0	26	0.208143	0	26	0.273815	0	26	0.210702	0	26	0.27069	0	26	0.159769	0	26	0.459932	0	26	0.344208	0	
27	0.206911	0	27	0.149407	0	27	0.206458	0	27	0.193651	0	27	0.255841	0	27	0.196057	0	27	0.252249	0	27	0.147023	0	27	0.442513	0	27	0.33051	0	
28	0.189132	0	28	0.135691	0	28	0.190095	0	28	0.178183	0	28	0.237096	0	28	0.180913	0	28	0.23333	0	28	0.135011	0	28	0.424904	0	28	0.316738	0	
29	0.179852	0	29	0.128069	0	29	0.181231	0	29	0.169309	0	29	0.226204	0	29	0.170889	0	29	0.222399	0	29	0.12756	0	29	0.415242	0	29	0.30834	0	
30	0.164672	0	30	0.116931	0	30	0.166295	0	30	0.155102	0	30	0.208924	0	30	0.157728	0	30	0.20523	0	30	0.115223	0	30	0.398543	0	30	0.295714	0	
31	0.155017	0	31	0.109451	0	31	0.156771	0	31	0.14784	0	31	0.19863	0	31	0.148227	0	31	0.194459	0	31	0.108893	0	31	0.389327	0	31	0.28799	0	
32	0.13694	0	32	0.095647	0	32	0.14026	0	32	0.130603	0	32	0.17821	0	32	0.131854	0	32	0.173734	0	32	0.094672	0	32	0.370071	0	32	0.272893	0	
33	0.128604	0	33	0.0891997	0	33	0.131213	0	33	0.12235	0	33	0.168269	0	33	0.124145	0	33	0.163574	0	33	0.0871321	0	33	0.360296	0	33	0.265166	0	
34	0.11161	0	34	0.0757192	0	34	0.113317	0	34	0.106711	0	34	0.148049	0	34	0.106526	0	34	0.143256	0	34	0.0737743	0	34	0.34197	0	34	0.249898	0	
35	0.102241	0	35	0.0686434	0	35	0.105384	0	35	0.0976957	0	35	0.137887	0	35	0.0984528	0	35	0.133111	0	35	0.0673835	0	35	0.332497	0	35	0.242623	0	
36	0.0863409	0	36	0.0565324	0	36	0.0897601	0	36	0.0826251	0	36	0.119288	0	36	0.0832703	0	36	0.114211	0	36	0.0542728	0	36	0.315021	0	36	0.228742	0	
37	0.0778963	0	37	0.0502047	0	37	0.0817117	0	37	0.0744927	0	37	0.109193	0	37	0.0750764	0	37	0.10448	0	37	0.0479913	0	37	0.305964	0	37	0.2217	0	
38	0.0680132	0	38	0.0427422	0	38	0.072032	0	38	0.0646328	0	38	0.097564	0	38	0.0651419	0	38	0.0926273	0	38	0.0403951	0	38	0.29519	0	38	0.21298	0	
39	0.0517387	0	39	0.0304476	0	39	0.0555637	0	39	0.049362	0	39	0.0780383	0	39	0.0495261	0	39	0.0729617	0	39	0.0280472	0	39	0.27728	0	39	0.199015	0	
40	0.032933	0	40	0.0162972	0	40	0.0367874	0	40	0.0315087	0	40	0.0553254	0	40	0.0312709	0	40	0.0502619	0	40	0.0137333	0	40	0.25659	0	40	0.182884	0	
41	0.0240649	0	41	0.00953257	0	41	0.0279208	0	41	0.0231845	0	41	0.0446427	0	41	0.0225991	0	41	0.0393704	0	41	0.00663777	0	41	0.246768	0	41	0.175117	0	
42	0.0145038	0	42	0.00211269	0	42	0.0184406	0	42	0.0135328	0	42	0.0327126	0	42	0.0123693	0	42	0.0278131	0	42	-0.000663805	0	42	0.236307	0	42	0.166585	0	
43	-0.0024167	0	43	-0.0104969	0	43	0.00183067	0	43	-0.0028593	0	43	0.0118885	0	43	-0.00396683	0	43	0.0069759	0	43	-0.0135059	0	43	0.217435	0	43	0.152113	0	
44	-0.0184653	0	44	-0.0228993	0	44	-0.0144753	0	44	-0.0190361	0	44	-0.00822522	0	44	-0.0206315	0	44	-0.0133118	0	44	-0.0248971	0	44	0.199621	0	44	0.137855	0	
45	-0.0272205	0	45	-0.0288558	0	45	-0.0228871	0	45	-0.027668	0	45	-0.0192324	0	45	-0.0286072	0	45	-0.0239578	0	45	-0.0318311	0	45	0.189505	0	45	0.130648	0	
46	-0.035263	0	46	-0.0348842	0	46	-0.031197	0	46	-0.0354277	0	46	-0.0297831	0	46	-0.0374725	0	46	-0.0347043	0	46	-0.0381611	0	46	0.180296	0	46	0.12329	0	
47	-0.0533314	0	47	-0.0475929	0	47	-0.0492832	0	47	-0.052914	0	47	-0.0525147	0	47	-0.0547881	0	47	-0.0573593	0	47	-0.0508861	0	47	0.159863	0	47	0.108245	0	
48	-0.0623855	0	48	-0.0538796	0	48	-0.0579913	0	48	-0.0606079	0	48	-0.0639917	0	48	-0.0636445	0	48	-0.0682044	0	48	-0.0575504	0	48	0.150031	0	48	0.10112	0	
49	-0.0765209	0	49	-0.0644168	0	49	-0.07244	0	49	-0.0740055	0	49	-0.0814726	0	49	-0.0773826	0	49	-0.0850513	0	49	-0.0682399	0	49	0.134347	0	49	0.0891114	0	
50	-0.087281	0	50	-0.0726405	0	50	-0.0834828	0	50	-0.083837	0	50	-0.0944143	0	50	-0.0876486	0	50	-0.0977829	0	50	-0.076529	0	50	0.122571	0	50	0.0799432	0	
51	-0.0921985	0	51	-0.0759807	0	51	-0.0878868	0	51	-0.0876128	0	51	-0.099699	0	51	-0.0918045	0	51	-0.103228	0	51	-0.0799494	0	51	0.11763	0	51	0.0763608	0	
52	-0.0997693	0	52	-0.0812842	0	52	-0.0957556	0	52	-0.0920982	0	52	-0.106986	0	52	-0.0967826	0	52	-0.110244	0	52	-0.0857144	0	52	0.110202	0	52	0.071221	0	
53	-0.102582	0	53	-0.0833296	0	53	-0.0988045	0	53	-0.0924678	0	53	-0.108123	0	53	-0.0969727	0	53	-0.111588	0	53	-0.0877029	0	53	0.108089	0	53	0.069961	0	
54	-0.105189	0	54	-0.0854479	0	54	-0.10219	0	54	-0.0910215	0	54	-0.107738	0	54	-0.0956637	0	54	-0.111089	0	54	-0.0900239	0	54	0.106801	0	54	0.0693732	0	
55	-0.106881	0	55	-0.0864299	0	55	-0.103226	0	55	-0.0895445	0	55	-0.107088	0	55	-0.0944813	0	55	-0.109922	0	55	-0.0911445	0	55	0.106603	0	55	0.0698066	0	
56	-0.10819	0	56	-0.0876687	0	56	-0.104475	0	56	-0.0859107	0	56	-0.103711	0	56	-0.0911073	0	56	-0.106473	0	56	-0.092042	0	56	0.107819	0	56	0.0710626	0	
57	-0.108242	0	57	-0.0880844	0	57	-0.104669	0	57	-0.0837806	0	57	-0.101946	0	57	-0.0888477	0	57	-0.103602	0	57	-0.0924758	0	57	0.108873	0	57	0.0721863	0	
58	-0.107733	0	58	-0.0884958	0	58	-0.104564	0	58	-0.0791423	0	58	-0.0963702	0	58	-0.0846253	0	58	-0.0989865	0	58	-0.0930106	0	58	0.111658	0	58	0.0738274	0	
59	-0.107364	0	59	-0.0886758	0	59	-0.103964	0	59	-0.0767938	0	59	-0.0934412	0	59	-0.0817936	0	59	-0.0958849	0	59	-0.092943	0	59	0.113346	0	59	0.0751928	0	
60	-0.104973	0	60	-0.0881752	0	60	-0.102865	0	60	-0.0718617	0	60	-0.0876139	0	60	-0.0770932	0	60	-0.0904089	0	60	-0.0926304	0	60	0.117068	0	60	0.0773949	0	
61	-0.104272	0	61	-0.0878277	0	61	-0.101163	0	61	-0.0692349	0	61	-0.0843828	0	61	-0.0744001	0	61	-0.0858503	0	61	-0.092295	0	61	0.119578	0	61	0.079475	0	
62	-0.102171	0	62	-0.0874327	0	62	-0.099128	0	62	-0.0656597	0	62	-0.0784574	0	62	-0.0706969	0	62	-0.0809336	0	62	-0.0917301	0	62	0.123342	0	62	0.0812674	0	
63	-0.100769	0	63	-0.0868585	0	63	-0.097835	0	63	-0.0637446	0	63	-0.0764246	0	63	-0.0690363	0	63	-0.0775872	0	63	-0.0913702	0	63	0.125361	0	63	0.0826952	0	
64	-0.0971348	0	64	-0.0853773	0	64	-0.0938724	0	64	-0.059399	0	64	-0.0683828	0	64	-0.064218	0	64	-0.0717769	0	64	-0.0895283	0	64	0.13071	0	64	0.0853423	0	
65	-0.094225	0	65	-0.0838427	0	65	-0.0916234	0	65	-0.0568061	0	65	-0.0650884	0	65	-0.0617374	0	65	-0.0679684	0	65	-0.0884471	0	65	0.133691	0	65	0.087225	0	
66	-0.0893554	0	66	-0.0812135	0	66	-0.0859651	0	66	-0.0522693	0	66	-0.0579552	0	66	-0.0566798	0	66	-0.0596092	0	66	-0.0854561	0	66	0.140141	0	66	0.0915305	0	
67	-0.0864351	0	67	-0.0798452	0	67	-0.0830502	0	67	-0.0501118	0	67	-0.0538798	0	67	-0.054239	0	67	-0.0566975	0	67	-0.0837237	0	67	0.143375	0	67	0.0931637	0	
68	-0.0826882	0	68	-0.0780892	0	68	-0.0793628	0	68	-0.0478768	0	68	-0.049354	0	68	-0.0516231	0	68	-0.0525994	0	68	-0.0818592	0	68	0.147326	0	68	0.0951577	0	
69	-0.077895	0	69	-0.0753005	0	69	-0.0742473	0	69	-0.0452237	0	69	-0.0426075	0	69	-0.0473717	0	69	-0.0461449	0	69	-0.0788008	0	69	0.152772	0	69	0.0983436	0	
70	-0.0735449	0	70	-0.0726137	0	70	-0.0699427	0	70	-0.0418515	0	70	-0.0382044	0	70	-0.0452685	0	70	-0.0417934	0	70	-0.0764364	0	70	0.157361	0	70	0.100957	0	
71	-0.0722503	0	71	-0.0718993	0	71	-0.0687529	0	71	-0.0418928	0	71	-0.0367997	0	71	-0.0446413	0	71	-0.0409671	0	71	-0.0752227	0	71	0.158503	0	71	0.101413	0	
72	-0.0710891	0	72	-0.0710946	0	72	-0.067063	0	72	-0.041679	0	72	-0.0358452	0	72	-0.0433888	0	72	-0.0403483	0	72	-0.0739575	0	72	0.159464	0	72	0.102342	0	
73	-0.0707156	0	73	-0.070638	0	73	-0.0663174	0	73	-0.0419076	0	73	-0.036	0	73	-0.04437	0	73	-0.0401004	0	73	-0.0737772	0	73	0.15988	0	73	0.102396	0	
74	-0.0697243	0	74	-0.0702178	0	74	-0.0655468	0	74	-0.0421135	0	74	-0.0356404	0	74	-0.0442692	0	74	-0.0401532	0	74	-0.0735437	0	74	0.160279	0	74	0.10237	0	
75	-0.0703712	0	75	-0.0704659	0	75	-0.0658056	0	75	-0.0439438	0	75	-0.037455	0	75	-0.0463303	0	75	-0.0422292	0	75	-0.0739404	0	75	0.159099	0	75	0.101268	0	
76	-0.0732429	0	76	-0.0720564	0	76	-0.0685848	0	76	-0.0482699	0	76	-0.0425538	0	76	-0.0499457	0	76	-0.0472086	0	76	-0.0756527	0	76	0.154959	0	76	0.098504	0	
77	-0.0756592	0	77	-0.0733023	0	77	-0.0709572	0	77	-0.0505512	0	77	-0.0460938	0	77	-0.0529318	0	77	-0.0507856	0	77	-0.0772623	0	77	0.152067	0	77	0.0964769	0	
78	-0.0806797	0	78	-0.07654	0	78	-0.0759318	0	78	-0.0566089	0	78	-0.0534115	0	78	-0.0590906	0	78	-0.0584204	0	78	-0.0804873	0	78	0.145861	0	78	0.0917396	0	
79	-0.0835784	0	79	-0.0783382	0	79	-0.078968	0	79	-0.06003	0	79	-0.057961	0	79	-0.0616373	0	79	-0.0627455	0	79	-0.0826157	0	79	0.141858	0	79	0.0892787	0	
80	-0.0899641	0	80	-0.0825542	0	80	-0.0855127	0	80	-0.0658118	0	80	-0.0668182	0	80	-0.0689221	0	80	-0.0716974	0	80	-0.0867112	0	80	0.134579	0	80	0.0838833	0	
81	-0.0933755	0	81	-0.0849156	0	81	-0.0888326	0	81	-0.0688982	0	81	-0.0713261	0	81	-0.0724551	0	81	-0.0762442	0	81	-0.0888127	0	81	0.130808	0	81	0.0811323	0	
82	-0.0967631	0	82	-0.0870287	0	82	-0.092241	0	82	-0.0721144	0	82	-0.0761572	0	82	-0.0755162	0	82	-0.0803963	0	82	-0.0913127	0	82	0.126722	0	82	0.0785702	0	
83	-0.10321	0	83	-0.0910748	0	83	-0.0986436	0	83	-0.0781973	0	83	-0.084129	0	83	-0.0811485	0	83	-0.0887542	0	83	-0.0956464	0	83	0.119246	0	83	0.0734541	0	
84	-0.108389	0	84	-0.0944735	0	84	-0.104062	0	84	-0.0815417	0	84	-0.0901202	0	84	-0.0858453	0	84	-0.0945787	0	84	-0.0991492	0	84	0.113954	0	84	0.069711	0	
85	-0.110854	0	85	-0.0961523	0	85	-0.106114	0	85	-0.0830503	0	85	-0.0928763	0	85	-0.0876228	0	85	-0.0969904	0	85	-0.10066	0	85	0.111635	0	85	0.0682859	0	
86	-0.11258	0	86	-0.097248	0	86	-0.108108	0	86	-0.0842847	0	86	-0.09456	0	86	-0.0888617	0	86	-0.0987951	0	86	-0.10202	0	86	0.109772	0	86	0.0669538	0	
87	-0.115822	0	87	-0.0991407	0	87	-0.111001	0	87	-0.0853269	0	87	-0.0971191	0	87	-0.0901489	0	87	-0.100991	0	87	-0.103955	0	87	0.107093	0	87	0.0655947	0	
88	-0.116888	0	88	-0.0998512	0	88	-0.112347	0	88	-0.0851529	0	88	-0.0978487	0	88	-0.0904632	0	88	-0.101622	0	88	-0.104607	0	88	0.106288	0	88	0.065179	0	
89	-0.118271	0	89	-0.100498	0	89	-0.113849	0	89	-0.0842535	0	89	-0.0978672	0	89	-0.0893945	0	89	-0.10138	0	89	-0.105685	0	89	0.105471	0	89	0.0652689	0	
90	-0.118796	0	90	-0.100677	0	90	-0.114457	0	90	-0.0830877	0	90	-0.0972479	0	90	-0.0883599	0	90	-0.10068	0	90	-0.105761	0	90	0.105576	0	90	0.0657571	0	
91	-0.118891	0	91	-0.100655	0	91	-0.114786	0	91	-0.0809231	0	91	-0.0954066	0	91	-0.0866953	0	91	-0.0989866	0	91	-0.10593	0	91	0.106435	0	91	0.0665854	0	
92	-0.118378	0	92	-0.100191	0	92	-0.113904	0	92	-0.0781525	0	92	-0.0922179	0	92	-0.0838476	0	92	-0.0961532	0	92	-0.105427	0	92	0.108279	0	92	0.0682351	0	
93	-0.117296	0	93	-0.0996477	0	93	-0.113561	0	93	-0.0765024	0	93	-0.091203	0	93	-0.0820455	0	93	-0.093763	0	93	-0.104904	0	93	0.109438	0	93	0.0695213	0	
94	-0.116518	0	94	-0.0990745	0	94	-0.112705	0	94	-0.0744871	0	94	-0.0887249	0	94	-0.0801757	0	94	-0.0917767	0	94	-0.104259	0	94	0.111021	0	94	0.070696	0	
95	-0.115036	0	95	-0.0978874	0	95	-0.110897	0	95	-0.0714028	0	95	-0.0847583	0	95	-0.0769619	0	95	-0.0880943	0	95	-0.103242	0	95	0.11368	0	95	0.0728294	0	
96	-0.112295	0	96	-0.0963197	0	96	-0.108674	0	96	-0.0676768	0	96	-0.0804295	0	96	-0.0733456	0	96	-0.0837103	0	96	-0.101341	0	96	0.117214	0	96	0.0754207	0	
97	-0.111032	0	97	-0.095151	0	97	-0.10713	0	97	-0.0658763	0	97	-0.0781275	0	97	-0.0711752	0	97	-0.0811469	0	97	-0.100219	0	97	0.119023	0	97	0.0771178	0	
98	-0.108842	0	98	-0.0941332	0	98	-0.105811	0	98	-0.064057	0	98	-0.07585	0	98	-0.0693614	0	98	-0.0791971	0	98	-0.0989431	0	98	0.121035	0	98	0.078302	0	
99	-0.104978	0	99	-0.091432	0	99	-0.102217	0	99	-0.0599383	0	99	-0.0703982	0	99	-0.0650591	0	99	-0.0737312	0	99	-0.0962139	0	99	0.125592	0	99	0.0816992	0	
100	-0.101447	0	100	-0.0883022	0	100	-0.0975293	0	100	-0.0558206	0	100	-0.0648847	0	100	-0.0605256	0	100	-0.0681949	0	100	-0.0928966	0	100	0.130341	0	100	0.0857668	0	
101	-0.0994661	0	101	-0.0867336	0	101	-0.095555	0	101	-0.0539866	0	101	-0.0623365	0	101	-0.0583608	0	101	-0.0659878	0	101	-0.0913095	0	101	0.132444	0	101	0.0874655	0	
102	-0.0964499	0	102	-0.0839652	0	102	-0.0921274	0	102	-0.0506909	0	102	-0.0584821	0	102	-0.0549491	0	102	-0.0622983	0	102	-0.0885079	0	102	0.135918	0	102	0.0905957	0	
103	-0.0946371	0	103	-0.0826036	0	103	-0.0909666	0	103	-0.0489629	0	103	-0.0569677	0	103	-0.0536351	0	103	-0.0605717	0	103	-0.0869736	0	103	0.137622	0	103	0.0919757	0	
104	-0.0917859	0	104	-0.0801359	0	104	-0.0875913	0	104	-0.0467342	0	104	-0.0533595	0	104	-0.0507291	0	104	-0.0575079	0	104	-0.084204	0	104	0.140754	0	104	0.0945601	0	
105	-0.0899332	0	105	-0.0786856	0	105	-0.0857929	0	105	-0.0456016	0	105	-0.0518808	0	105	-0.0494206	0	105	-0.0556839	0	105	-0.0828674	0	105	0.142417	0	105	0.0959374	0	
106	-0.087158	0	106	-0.0761648	0	106	-0.0828583	0	106	-0.0445643	0	106	-0.0493923	0	106	-0.0470899	0	106	-0.0536279	0	106	-0.0805003	0	106	0.144624	0	106	0.0979202	0	
107	-0.0865442	0	107	-0.0754042	0	107	-0.0822981	0	107	-0.043999	0	107	-0.0493165	0	107	-0.046869	0	107	-0.0535952	0	107	-0.0793212	0	107	0.145135	0	107	0.0985843	0	
108	-0.0864994	0	108	-0.074748	0	108	-0.0819646	0	108	-0.0439446	0	108	-0.0497711	0	108	-0.0469148	0	108	-0.0540517	0	108	-0.0786233	0	108	0.145034	0	108	0.098998	0	
109	-0.0870282	0	109	-0.0740447	0	109	-0.0827743	0	109	-0.0452326	0	109	-0.0518776	0	109	-0.047327	0	109	-0.0563097	0	109	-0.0780216	0	109	0.143369	0	109	0.098783	0	
110	-0.0890247	0	110	-0.0743711	0	110	-0.0845676	0	110	-0.046632	0	110	-0.0555375	0	110	-0.0499774	0	110	-0.0599349	0	110	-0.0782725	0	110	0.140928	0	110	0.0976967	0	
111	-0.0905886	0	111	-0.0749904	0	111	-0.0859171	0	111	-0.0488107	0	111	-0.0578877	0	111	-0.0507424	0	111	-0.0626205	0	111	-0.0784524	0	111	0.1387	0	111	0.0967229	0	
112	-0.0942578	0	112	-0.0759943	0	112	-0.0897479	0	112	-0.052083	0	112	-0.0638038	0	112	-0.0542955	0	112	-0.0682638	0	112	-0.080131	0	112	0.133836	0	112	0.0943702	0	
113	-0.0966239	0	113	-0.0772223	0	113	-0.0919837	0	113	-0.0536309	0	113	-0.0671484	0	113	-0.0565878	0	113	-0.0716798	0	113	-0.0809198	0	113	0.131289	0	113	0.0929306	0	
114	-0.0990568	0	114	-0.0785152	0	114	-0.0946062	0	114	-0.0563023	0	114	-0.0707912	0	114	-0.0593765	0	114	-0.0753124	0	114	-0.0819731	0	114	0.128297	0	114	0.0909372	0	
115	-0.104077	0	115	-0.0807951	0	115	-0.0998806	0	115	-0.0598599	0	115	-0.0776881	0	115	-0.0634319	0	115	-0.0821742	0	115	-0.0846531	0	115	0.12231	0	115	0.0877399	0	
116	-0.109353	0	116	-0.0832981	0	116	-0.105114	0	116	-0.0637054	0	116	-0.0844845	0	116	-0.06735	0	116	-0.088767	0	116	-0.0876325	0	116	0.116232	0	116	0.0844864	0	
117	-0.111779	0	117	-0.0846043	0	117	-0.107332	0	117	-0.0654241	0	117	-0.0873758	0	117	-0.069331	0	117	-0.0914792	0	117	-0.0888186	0	117	0.113762	0	117	0.0830388	0	
118	-0.113614	0	118	-0.0859559	0	118	-0.109492	0	118	-0.0669482	0	118	-0.0905765	0	118	-0.0709194	0	118	-0.0934924	0	118	-0.0899681	0	118	0.11152	0	118	0.0818537	0	
119	-0.116637	0	119	-0.0877809	0	119	-0.113278	0	119	-0.0691793	0	119	-0.0943628	0	119	-0.07341	0	119	-0.0975494	0	119	-0.0917714	0	119	0.107935	0	119	0.0795096	0	
120	-0.120077	0	120	-0.0890679	0	120	-0.115901	0	120	-0.0703942	0	120	-0.0972878	0	120	-0.0745579	0	120	-0.10043	0	120	-0.0935374	0	120	0.104824	0	120	0.0783665	0	
121	-0.121002	0	121	-0.0895949	0	121	-0.117394	0	121	-0.0703514	0	121	-0.098806	0	121	-0.0750643	0	121	-0.100884	0	121	-0.0939704	0	121	0.103884	0	121	0.0781402	0	
123	-0.123372	0	123	-0.0905285	0	123	-0.119803	0	123	-0.0698396	0	123	-0.0992271	0	123	-0.0744707	0	123	-0.102382	0	123	-0.0949664	0	123	0.102182	0	123	0.0776542	0	
124	-0.124412	0	124	-0.0905497	0	124	-0.119789	0	124	-0.0688632	0	124	-0.0990651	0	124	-0.0735765	0	124	-0.101998	0	124	-0.0950176	0	124	0.102063	0	124	0.0784228	0	
125	-0.122618	0	125	-0.0895503	0	125	-0.119447	0	125	-0.0660091	0	125	-0.096196	0	125	-0.0706586	0	125	-0.0990121	0	125	-0.0938455	0	125	0.104101	0	125	0.0800757	0	
126	-0.11624	0	126	-0.0846004	0	126	-0.112958	0	126	-0.0579323	0	126	-0.0861088	0	126	-0.0621938	0	126	-0.0891577	0	126	-0.0890848	0	126	0.112159	0	126	0.0866036	0	
127	-0.115528	0	127	-0.0833349	0	127	-0.111985	0	127	-0.0551566	0	127	-0.0836695	0	127	-0.0595929	0	127	-0.0871386	0	127	-0.0879546	0	127	0.113707	0	127	0.088507	0	
128	-0.117056	0	128	-0.0842645	0	128	-0.113314	0	128	-0.0538866	0	128	-0.0835282	0	128	-0.0592561	0	128	-0.0870401	0	128	-0.0890275	0	128	0.113248	0	128	0.0884548	0	
130	-0.117452	0	130	-0.0856566	0	130	-0.113245	0	130	-0.0542557	0	130	-0.083247	0	130	-0.0601543	0	130	-0.0858057	0	130	-0.0908934	0	130	0.113545	0	130	0.0876779	0	
131	-0.114945	0	131	-0.0856403	0	131	-0.110288	0	131	-0.0533277	0	131	-0.0787015	0	131	-0.059696	0	131	-0.0823361	0	131	-0.0911987	0	131	0.116956	0	131	0.0877994	0	
132	-0.110582	0	132	-0.0842166	0	132	-0.105586	0	132	-0.0515382	0	132	-0.0732719	0	132	-0.0579311	0	132	-0.0777683	0	132	-0.0900162	0	132	0.121673	0	132	0.0892067	0	
133	-0.107719	0	133	-0.0824961	0	133	-0.102671	0	133	-0.0497281	0	133	-0.0697162	0	133	-0.05576	0	133	-0.0742988	0	133	-0.0887056	0	133	0.124682	0	133	0.0909416	0	
134	-0.100829	0	134	-0.077214	0	134	-0.0951693	0	134	-0.0428729	0	134	-0.060311	0	134	-0.0487543	0	134	-0.0655312	0	134	-0.0836195	0	134	0.132737	0	134	0.0969878	0	
135	-0.098443	0	135	-0.0758548	0	135	-0.0928534	0	135	-0.0404646	0	135	-0.0569943	0	135	-0.0467512	0	135	-0.0628289	0	135	-0.0817872	0	135	0.135645	0	135	0.0987291	0	
136	-0.0970373	0	136	-0.0749112	0	136	-0.0909649	0	136	-0.0394297	0	136	-0.0550754	0	136	-0.045828	0	136	-0.0609881	0	136	-0.0812523	0	136	0.137329	0	136	0.0996855	0	
137	-0.0953863	0	137	-0.0747353	0	137	-0.0889686	0	137	-0.0399531	0	137	-0.0532304	0	137	-0.0459293	0	137	-0.0594593	0	137	-0.0812304	0	137	0.13894	0	137	0.0995777	0	
138	-0.0944718	0	138	-0.074821	0	138	-0.0876431	0	138	-0.0402804	0	138	-0.0526954	0	138	-0.0469213	0	138	-0.0588493	0	138	-0.0814921	0	138	0.139901	0	138	0.0992898	0	
139	-0.0919115	0	139	-0.0745654	0	139	-0.0851748	0	139	-0.0411934	0	139	-0.0508294	0	139	-0.0475878	0	139	-0.0574592	0	139	-0.081301	0	139	0.141903	0	139	0.0988597	0	
140	-0.0899908	0	140	-0.0737434	0	140	-0.0828537	0	140	-0.0422188	0	140	-0.0498325	0	140	-0.0483062	0	140	-0.0568835	0	140	-0.0806954	0	140	0.143227	0	140	0.0987671	0	
141	-0.0899087	0	141	-0.0733684	0	141	-0.0823571	0	141	-0.0429891	0	141	-0.050133	0	141	-0.0489514	0	141	-0.0575216	0	141	-0.0804752	0	141	0.143067	0	141	0.0985766	0	
143	-0.0921395	0	143	-0.0736279	0	143	-0.0846394	0	143	-0.0464934	0	143	-0.0556281	0	143	-0.053134	0	143	-0.0630472	0	143	-0.0809543	0	143	0.139299	0	143	0.0964568	0	
144	-0.0954154	0	144	-0.0751974	0	144	-0.0876413	0	144	-0.0501349	0	144	-0.0614252	0	144	-0.0568352	0	144	-0.0691678	0	144	-0.0824352	0	144	0.134787	0	144	0.0938484	0	
145	-0.0977384	0	145	-0.0761884	0	145	-0.0899294	0	145	-0.0526454	0	145	-0.064883	0	145	-0.0590239	0	145	-0.0721195	0	145	-0.0834319	0	145	0.131942	0	145	0.0923076	0	
146	-0.102741	0	146	-0.0774493	0	146	-0.094745	0	146	-0.0556637	0	146	-0.071837	0	146	-0.0625412	0	146	-0.079447	0	146	-0.0849632	0	146	0.125976	0	146	0.0899318	0	
147	-0.104983	0	147	-0.0773766	0	147	-0.0975663	0	147	-0.056181	0	147	-0.0749948	0	147	-0.06313	0	147	-0.0826298	0	147	-0.0851205	0	147	0.123096	0	147	0.0894803	0	
148	-0.109375	0	148	-0.0793723	0	148	-0.101607	0	148	-0.0588394	0	148	-0.080111	0	148	-0.0662055	0	148	-0.0880281	0	148	-0.0869356	0	148	0.118507	0	148	0.0871212	0	
149	-0.111904	0	149	-0.0810726	0	149	-0.103852	0	149	-0.0607964	0	149	-0.0830744	0	149	-0.0685898	0	149	-0.0905574	0	149	-0.0885808	0	149	0.116048	0	149	0.0853876	0	
150	-0.115338	0	150	-0.0835796	0	150	-0.108109	0	150	-0.064785	0	150	-0.0881225	0	150	-0.0722472	0	150	-0.0957516	0	150	-0.0915835	0	150	0.111375	0	150	0.0818423	0	
151	-0.117254	0	151	-0.0849146	0	151	-0.10988	0	151	-0.0661776	0	151	-0.0903587	0	151	-0.0740642	0	151	-0.0977983	0	151	-0.0928768	0	151	0.109493	0	151	0.0804741	0	
152	-0.120209	0	152	-0.0865514	0	152	-0.112717	0	152	-0.0681105	0	152	-0.09376	0	152	-0.0759365	0	152	-0.10089	0	152	-0.0945479	0	152	0.106391	0	152	0.0788012	0	
153	-0.121232	0	153	-0.0871068	0	153	-0.114312	0	153	-0.0684982	0	153	-0.0951087	0	153	-0.0766842	0	153	-0.102183	0	153	-0.0951611	0	153	0.10516	0	153	0.078101	0	
155	-0.123619	0	155	-0.0878591	0	155	-0.116121	0	155	-0.0684028	0	155	-0.0969208	0	155	-0.0768659	0	155	-0.103483	0	155	-0.0959405	0	155	0.103377	0	155	0.077973	0	
156	-0.124795	0	156	-0.0878613	0	156	-0.11758	0	156	-0.0666362	0	156	-0.0969878	0	156	-0.0753435	0	156	-0.103286	0	156	-0.0958169	0	156	0.102843	0	156	0.0788267	0	
157	-0.123214	0	157	-0.0864827	0	157	-0.116012	0	157	-0.0642337	0	157	-0.0943483	0	157	-0.072841	0	157	-0.100672	0	157	-0.0941791	0	157	0.104984	0	157	0.0808003	0	
158	-0.114471	0	158	-0.0784633	0	158	-0.10742	0	158	-0.0524309	0	158	-0.0811427	0	158	-0.0604197	0	158	-0.0876433	0	158	-0.0861233	0	158	0.115737	0	158	0.0907836	0	
159	-0.109276	0	159	-0.0735189	0	159	-0.102095	0	159	-0.0445901	0	159	-0.0728209	0	159	-0.0521852	0	159	-0.0799859	0	159	-0.0810897	0	159	0.122295	0	159	0.0971586	0	
161	-0.110543	0	161	-0.0720757	0	161	-0.102778	0	161	-0.0388806	0	161	-0.0701072	0	161	-0.0470042	0	161	-0.0771698	0	161	-0.0797636	0	161	0.12328	0	161	0.100752	0	
162	-0.112268	0	162	-0.074133	0	162	-0.105035	0	162	-0.0409664	0	162	-0.0720728	0	162	-0.048571	0	162	-0.0785256	0	162	-0.0817827	0	162	0.121334	0	162	0.0988305	0	
163	-0.109837	0	163	-0.0745013	0	163	-0.102961	0	163	-0.0402371	0	163	-0.0691096	0	163	-0.0490118	0	163	-0.0756675	0	163	-0.0825857	0	163	0.124106	0	163	0.0985074	0	
164	-0.106683	0	164	-0.0727452	0	164	-0.0991037	0	164	-0.038072	0	164	-0.0646875	0	164	-0.046012	0	164	-0.0714779	0	164	-0.0803865	0	164	0.127906	0	164	0.100898	0	
165	-0.0982421	0	165	-0.0657739	0	165	-0.0912287	0	165	-0.028509	0	165	-0.0532859	0	165	-0.0359895	0	165	-0.060175	0	165	-0.0734321	0	165	0.137554	0	165	0.109102	0	
166	-0.0903526	0	166	-0.0600439	0	166	-0.0831797	0	166	-0.0196104	0	166	-0.0416154	0	166	-0.026765	0	166	-0.0491565	0	166	-0.0676152	0	166	0.14716	0	166	0.116392	0	
167	-0.0849616	0	167	-0.0575683	0	167	-0.0773187	0	167	-0.0157756	0	167	-0.0347275	0	167	-0.0227068	0	167	-0.0421932	0	167	-0.0647464	0	167	0.153469	0	167	0.119841	0	
168	-0.0763789	0	168	-0.054337	0	168	-0.0689199	0	168	-0.0121595	0	168	-0.0251108	0	168	-0.0180659	0	168	-0.0325595	0	168	-0.0613788	0	168	0.162309	0	168	0.123498	0	
169	-0.0740551	0	169	-0.0529993	0	169	-0.0662543	0	169	-0.010998	0	169	-0.0227453	0	169	-0.0170372	0	169	-0.02999	0	169	-0.0598301	0	169	0.164867	0	169	0.12491	0	
170	-0.0712561	0	170	-0.0509932	0	170	-0.0632496	0	170	-0.00979486	0	170	-0.019605	0	170	-0.0154766	0	170	-0.0274603	0	170	-0.0582802	0	170	0.167541	0	170	0.126374	0	
171	-0.067242	0	171	-0.0474223	0	171	-0.0590072	0	171	-0.00738545	0	171	-0.0166249	0	171	-0.0127608	0	171	-0.0248768	0	171	-0.0537183	0	171	0.171168	0	171	0.129658	0	
172	-0.0678661	0	172	-0.0450283	0	172	-0.0599993	0	172	-0.00729419	0	172	-0.0191793	0	172	-0.0121648	0	172	-0.0274869	0	172	-0.0515996	0	172	0.169288	0	172	0.130839	0	
173	-0.069533	0	173	-0.044619	0	173	-0.0615235	0	173	-0.00796865	0	173	-0.0220166	0	173	-0.013091	0	173	-0.0305685	0	173	-0.0511647	0	173	0.16708	0	173	0.130629	0	
174	-0.0748717	0	174	-0.0457977	0	174	-0.0666597	0	174	-0.011488	0	174	-0.0299469	0	174	-0.0164312	0	174	-0.0385333	0	174	-0.05218	0	174	0.16048	0	174	0.128408	0	
176	-0.0811915	0	176	-0.0480918	0	176	-0.0728596	0	176	-0.0168517	0	176	-0.0387791	0	176	-0.0216145	0	176	-0.0477037	0	176	-0.0546473	0	176	0.152766	0	176	0.12452	0	
177	-0.0887039	0	177	-0.0514643	0	177	-0.0805902	0	177	-0.0233149	0	177	-0.0498456	0	177	-0.0285021	0	177	-0.0583977	0	177	-0.0581527	0	177	0.143584	0	177	0.119507	0	
178	-0.100681	0	178	-0.0573256	0	178	-0.0932379	0	178	-0.0324774	0	178	-0.066046	0	178	-0.0381574	0	178	-0.0742423	0	178	-0.0639064	0	178	0.12957	0	178	0.11183	0	
179	-0.107622	0	179	-0.0609985	0	179	-0.100062	0	179	-0.0376401	0	179	-0.0748176	0	179	-0.0435279	0	179	-0.0829051	0	179	-0.0676943	0	179	0.12179	0	179	0.10739	0	
180	-0.117738	0	180	-0.0671765	0	180	-0.110318	0	180	-0.0465161	0	180	-0.0881872	0	180	-0.0531008	0	180	-0.0961722	0	180	-0.0744914	0	180	0.110057	0	180	0.0995257	0	
