matlabCamera velocities
0	-0.86702	0	0	-0.659105	0	0	2.28428	0	0	-0.347353	0	0	0.457114	0	0	-0.00198131	0	
1	-0.842188	0	1	-0.669033	0	1	2.27588	0	1	-0.349568	0	1	0.451036	0	1	-0.000535179	0	
2	-0.867948	0	2	-0.659134	0	2	2.28598	0	2	-0.347296	0	2	0.457263	0	2	-0.00190992	0	
3	-0.868061	0	3	-0.65893	0	3	2.28615	0	3	-0.347226	0	3	0.457279	0	3	-0.00187081	0	
4	-0.884595	0	4	-0.636094	0	4	2.29372	0	4	-0.342922	0	4	0.462846	0	4	-0.00425255	0	
5	-0.819565	0	5	-0.625391	0	5	2.28414	0	5	-0.342645	0	5	0.45278	0	5	-0.00152042	0	
6	-0.775593	0	6	-0.581609	0	6	2.30871	0	6	-0.338738	0	6	0.454075	0	6	-0.00206153	0	
7	-0.594572	0	7	-0.414197	0	7	2.30319	0	7	-0.318668	0	7	0.4405	0	7	-0.00317245	0	
8	-0.435636	0	8	-0.31917	0	8	2.28574	0	8	-0.31509	0	8	0.422346	0	8	-0.00200236	0	
9	-0.375611	0	9	-0.277629	0	9	2.25698	0	9	-0.311181	0	9	0.412271	0	9	-0.0010992	0	
10	-0.36498	0	10	-0.26252	0	10	2.24988	0	10	-0.312125	0	10	0.411162	0	10	-0.00121446	0	
11	-0.360408	0	11	-0.271448	0	11	2.22693	0	11	-0.315794	0	11	0.406988	0	11	-0.000475168	0	
12	-0.404306	0	12	-0.311908	0	12	2.20929	0	12	-0.320942	0	12	0.410901	0	12	0.000619248	0	
13	-0.435575	0	13	-0.344058	0	13	2.2083	0	13	-0.32515	0	13	0.414645	0	13	0.00101305	0	
14	-0.494017	0	14	-0.390245	0	14	2.18853	0	14	-0.328362	0	14	0.421178	0	14	0.0011	0	
15	-0.517665	0	15	-0.385572	0	15	2.15804	0	15	-0.322571	0	15	0.422487	0	15	0.000107778	0	
16	-0.564869	0	16	-0.417629	0	16	2.13477	0	16	-0.322648	0	16	0.426994	0	16	0.000332353	0	
17	-0.596085	0	17	-0.43848	0	17	2.12365	0	17	-0.324154	0	17	0.430925	0	17	-1.20454e-05	0	
18	-0.616978	0	18	-0.458149	0	18	2.07957	0	18	-0.323191	0	18	0.429915	0	18	6.30892e-05	0	
19	-0.644884	0	19	-0.471486	0	19	2.06641	0	19	-0.323736	0	19	0.434084	0	19	-0.000154213	0	
20	-0.66548	0	20	-0.499223	0	20	2.06391	0	20	-0.328179	0	20	0.436506	0	20	0.000472153	0	
21	-0.684562	0	21	-0.488062	0	21	2.00767	0	21	-0.319867	0	21	0.435176	0	21	0.000287323	0	
22	-0.686889	0	22	-0.536842	0	22	1.99119	0	22	-0.329593	0	22	0.431999	0	22	0.00142637	0	
23	-0.731935	0	23	-0.54695	0	23	1.96712	0	23	-0.327225	0	23	0.437244	0	23	0.000598891	0	
24	-0.722602	0	24	-0.546506	0	24	1.92006	0	24	-0.323145	0	24	0.430536	0	24	0.00162322	0	
25	-0.762358	0	25	-0.5574	0	25	1.88195	0	25	-0.320928	0	25	0.433285	0	25	-0.000420665	0	
26	-0.762008	0	26	-0.556679	0	26	1.84439	0	26	-0.316781	0	26	0.428676	0	26	0.000359229	0	
27	-0.779795	0	27	-0.577573	0	27	1.79155	0	27	-0.315178	0	27	0.42469	0	27	0.00120197	0	
28	-0.784714	0	28	-0.584447	0	28	1.72361	0	28	-0.309389	0	28	0.416205	0	28	0.00114195	0	
29	-0.790573	0	29	-0.595082	0	29	1.68257	0	29	-0.30748	0	29	0.412677	0	29	0.00209743	0	
30	-0.807962	0	30	-0.581445	0	30	1.62128	0	30	-0.296836	0	30	0.408303	0	30	0.00101742	0	
31	-0.795088	0	31	-0.610052	0	31	1.58623	0	31	-0.299935	0	31	0.399593	0	31	0.00356039	0	
32	-0.795651	0	32	-0.569283	0	32	1.49181	0	32	-0.279657	0	32	0.388388	0	32	0.00241036	0	
33	-0.798673	0	33	-0.559005	0	33	1.45426	0	33	-0.272427	0	33	0.383678	0	33	0.00200005	0	
34	-0.768772	0	34	-0.569673	0	34	1.36791	0	34	-0.266019	0	34	0.364327	0	34	0.00406154	0	
35	-0.742268	0	35	-0.529833	0	35	1.30468	0	35	-0.249924	0	35	0.350437	0	35	0.00308456	0	
36	-0.714442	0	36	-0.486317	0	36	1.21279	0	36	-0.228625	0	36	0.331522	0	36	0.0030579	0	
37	-0.685576	0	37	-0.458833	0	37	1.15553	0	37	-0.215987	0	37	0.317178	0	37	0.00283562	0	
38	-0.638457	0	38	-0.424433	0	38	1.08258	0	38	-0.200049	0	38	0.296281	0	38	0.00319509	0	
39	-0.560082	0	39	-0.36422	0	39	0.969078	0	39	-0.172954	0	39	0.261189	0	39	0.00340287	0	
40	-0.44674	0	40	-0.271985	0	40	0.827773	0	40	-0.134407	0	40	0.213191	0	40	0.00346733	0	
41	-0.390125	0	41	-0.220981	0	41	0.761454	0	41	-0.11375	0	41	0.189422	0	41	0.00364636	0	
42	-0.303781	0	42	-0.159021	0	42	0.676498	0	42	-0.0888738	0	42	0.155746	0	42	0.00377378	0	
43	-0.151218	0	43	-0.0226901	0	43	0.530837	0	43	-0.0370966	0	43	0.0956938	0	43	0.00324377	0	
44	0.0587943	0	44	0.118918	0	44	0.372081	0	44	0.0170201	0	44	0.0176587	0	44	0.00343031	0	
45	0.142481	0	45	0.210543	0	45	0.299041	0	45	0.0505063	0	45	-0.0155143	0	45	0.00250286	0	
46	0.251168	0	46	0.288817	0	46	0.2223	0	46	0.0804325	0	46	-0.0562485	0	46	0.00322833	0	
47	0.512225	0	47	0.488164	0	47	0.0563965	0	47	0.154101	0	47	-0.153252	0	47	0.00277566	0	
48	0.642297	0	48	0.597052	0	48	-0.0198345	0	48	0.19378	0	48	-0.201489	0	48	0.00289283	0	
49	0.862464	0	49	0.764727	0	49	-0.132733	0	49	0.255256	0	49	-0.282339	0	49	0.00236807	0	
50	1.03432	0	50	0.894967	0	50	-0.210685	0	50	0.302722	0	50	-0.344948	0	50	0.00219203	0	
51	1.11174	0	51	0.95982	0	51	-0.243705	0	51	0.325741	0	51	-0.37279	0	51	0.00243486	0	
52	1.19776	0	52	1.02338	0	52	-0.265877	0	52	0.347934	0	52	-0.403146	0	52	0.0026396	0	
53	1.20764	0	53	1.02576	0	53	-0.254141	0	53	0.347837	0	53	-0.405491	0	53	0.00279202	0	
54	1.17975	0	54	0.994075	0	54	-0.213811	0	54	0.33515	0	54	-0.393563	0	54	0.00307556	0	
55	1.16113	0	55	0.99435	0	55	-0.190613	0	55	0.333175	0	55	-0.385439	0	55	0.0030262	0	
56	1.10376	0	56	0.94675	0	56	-0.130982	0	56	0.313943	0	56	-0.362193	0	56	0.00336034	0	
57	1.05182	0	57	0.918969	0	57	-0.0925949	0	57	0.302667	0	57	-0.343073	0	57	0.00254492	0	
58	0.948695	0	58	0.829507	0	58	-0.0103582	0	58	0.270514	0	58	-0.305049	0	58	0.00371491	0	
59	0.889861	0	59	0.797069	0	59	0.0328271	0	59	0.257877	0	59	-0.283786	0	59	0.00324112	0	
60	0.760508	0	60	0.684908	0	60	0.122962	0	60	0.219521	0	60	-0.238646	0	60	0.0037751	0	
61	0.695613	0	61	0.664557	0	61	0.166946	0	61	0.210561	0	61	-0.215705	0	61	0.00275195	0	
62	0.602584	0	62	0.589223	0	62	0.236171	0	62	0.184756	0	62	-0.182972	0	62	0.00342541	0	
63	0.546377	0	63	0.558557	0	63	0.269818	0	63	0.173901	0	63	-0.164076	0	63	0.00261159	0	
64	0.445453	0	64	0.476054	0	64	0.342814	0	64	0.14597	0	64	-0.128599	0	64	0.00394256	0	
65	0.367926	0	65	0.42	0	65	0.385997	0	65	0.127518	0	65	-0.10304	0	65	0.00366328	0	
66	0.260809	0	66	0.365556	0	66	0.451095	0	66	0.107606	0	66	-0.0663069	0	66	0.00220891	0	
67	0.220352	0	67	0.33204	0	67	0.476979	0	67	0.0963515	0	67	-0.0520014	0	67	0.00273147	0	
68	0.164988	0	68	0.295681	0	68	0.507707	0	68	0.0840299	0	68	-0.0329504	0	68	0.00260915	0	
69	0.099946	0	69	0.249288	0	69	0.549724	0	69	0.0677916	0	69	-0.00989311	0	69	0.00176195	0	
70	0.0474281	0	70	0.204162	0	70	0.57813	0	70	0.0530239	0	70	0.00846339	0	70	0.00278906	0	
71	0.0598585	0	71	0.199379	0	71	0.572184	0	71	0.0514854	0	71	0.00532261	0	71	0.00278642	0	
72	0.0589553	0	72	0.219243	0	72	0.56442	0	72	0.056826	0	72	0.00584215	0	72	0.00191564	0	
73	0.071052	0	73	0.226787	0	73	0.552317	0	73	0.0594998	0	73	0.00215858	0	73	0.00230551	0	
74	0.0647755	0	74	0.228308	0	74	0.54826	0	74	0.0600962	0	74	0.00402531	0	74	0.00223295	0	
75	0.105644	0	75	0.262036	0	75	0.512924	0	75	0.0715295	0	75	-0.00958308	0	75	0.00255512	0	
76	0.178642	0	76	0.32527	0	76	0.453984	0	76	0.0929675	0	76	-0.0350098	0	76	0.0018307	0	
77	0.227728	0	77	0.356645	0	77	0.420411	0	77	0.104251	0	77	-0.0520079	0	77	0.00247495	0	
78	0.350247	0	78	0.439731	0	78	0.340665	0	78	0.133379	0	78	-0.0940028	0	78	0.00273668	0	
79	0.392732	0	79	0.489261	0	79	0.305831	0	79	0.150195	0	79	-0.109911	0	79	0.00176594	0	
80	0.536066	0	80	0.577689	0	80	0.225473	0	80	0.181575	0	80	-0.159063	0	80	0.00282706	0	
81	0.612431	0	81	0.631558	0	81	0.184194	0	81	0.200171	0	81	-0.185216	0	81	0.00302256	0	
82	0.664014	0	82	0.683754	0	82	0.151811	0	82	0.217967	0	82	-0.203923	0	82	0.00233432	0	
83	0.780144	0	83	0.774165	0	83	0.0900527	0	83	0.249336	0	83	-0.244674	0	83	0.00226311	0	
84	0.874218	0	84	0.829134	0	84	0.0522278	0	84	0.268632	0	84	-0.276711	0	84	0.00312085	0	
85	0.916851	0	85	0.872381	0	85	0.0330873	0	85	0.282706	0	85	-0.291196	0	85	0.00290024	0	
86	0.936954	0	86	0.880895	0	86	0.0275581	0	86	0.285949	0	86	-0.298201	0	86	0.00310547	0	
87	0.969435	0	87	0.911498	0	87	0.0217428	0	87	0.295446	0	87	-0.308866	0	87	0.00308175	0	
88	0.977322	0	88	0.907587	0	88	0.025957	0	88	0.294074	0	88	-0.311157	0	88	0.00342738	0	
89	0.945841	0	89	0.89032	0	89	0.0522814	0	89	0.287441	0	89	-0.3004	0	89	0.00334869	0	
90	0.928964	0	90	0.871607	0	90	0.0709754	0	90	0.280616	0	90	-0.294103	0	90	0.00353662	0	
91	0.885278	0	91	0.828132	0	91	0.107574	0	91	0.265656	0	91	-0.278615	0	91	0.0042537	0	
92	0.824787	0	92	0.78621	0	92	0.151605	0	92	0.250531	0	92	-0.257376	0	92	0.00464026	0	
93	0.774831	0	93	0.749694	0	93	0.180815	0	93	0.23804	0	93	-0.240927	0	93	0.00357129	0	
94	0.735681	0	94	0.713002	0	94	0.210361	0	94	0.225552	0	94	-0.227177	0	94	0.00418799	0	
95	0.660615	0	95	0.660416	0	95	0.259437	0	95	0.207348	0	95	-0.201602	0	95	0.00452605	0	
96	0.582453	0	96	0.587266	0	96	0.311931	0	96	0.18301	0	96	-0.174974	0	96	0.00468643	0	
97	0.538677	0	97	0.561151	0	97	0.337701	0	97	0.173749	0	97	-0.160311	0	97	0.00434459	0	
98	0.498858	0	98	0.513589	0	98	0.362241	0	98	0.158679	0	98	-0.146995	0	98	0.00458178	0	
99	0.408529	0	99	0.435512	0	99	0.418085	0	99	0.132829	0	99	-0.116579	0	99	0.00466983	0	
100	0.335798	0	100	0.397679	0	100	0.459521	0	100	0.118743	0	100	-0.0916458	0	100	0.0044622	0	
101	0.299453	0	101	0.368654	0	101	0.479928	0	101	0.109001	0	101	-0.0794331	0	101	0.00455187	0	
102	0.247426	0	102	0.332153	0	102	0.508637	0	102	0.0962339	0	102	-0.0617521	0	102	0.00472256	0	
103	0.227783	0	103	0.294798	0	103	0.523252	0	103	0.084487	0	103	-0.054886	0	103	0.00503152	0	
104	0.199382	0	104	0.27479	0	104	0.537724	0	104	0.0770591	0	104	-0.0446093	0	104	0.00501749	0	
105	0.174962	0	105	0.260312	0	105	0.546515	0	105	0.0720376	0	105	-0.0365486	0	105	0.00463283	0	
106	0.150465	0	106	0.249961	0	106	0.549714	0	106	0.0679878	0	106	-0.0282996	0	106	0.0040602	0	
107	0.166833	0	107	0.247869	0	107	0.540316	0	107	0.0673326	0	107	-0.0331126	0	107	0.00440432	0	
108	0.181934	0	108	0.258471	0	108	0.527288	0	108	0.0705791	0	108	-0.0379671	0	108	0.00454777	0	
109	0.213318	0	109	0.27653	0	109	0.498601	0	109	0.0766575	0	109	-0.0489493	0	109	0.0041662	0	
110	0.28261	0	110	0.310888	0	110	0.45384	0	110	0.0885734	0	110	-0.0718914	0	110	0.0052546	0	
111	0.327259	0	111	0.351567	0	111	0.421834	0	111	0.101593	0	111	-0.0871183	0	111	0.00437205	0	
112	0.402028	0	112	0.398133	0	112	0.369953	0	112	0.117995	0	112	-0.11339	0	112	0.00473896	0	
113	0.46595	0	113	0.434484	0	113	0.335235	0	113	0.13036	0	113	-0.134659	0	113	0.00533077	0	
114	0.537378	0	114	0.469402	0	114	0.295684	0	114	0.142768	0	114	-0.158666	0	114	0.00556141	0	
115	0.626215	0	115	0.526158	0	115	0.245605	0	115	0.162572	0	115	-0.189765	0	115	0.00611841	0	
116	0.712158	0	116	0.591995	0	116	0.19815	0	116	0.185	0	116	-0.219958	0	116	0.00622082	0	
117	0.763433	0	117	0.626994	0	117	0.173569	0	117	0.196748	0	117	-0.237232	0	117	0.00633843	0	
118	0.797973	0	118	0.657764	0	118	0.155057	0	118	0.206909	0	118	-0.249382	0	118	0.00539095	0	
119	0.856588	0	119	0.6757	0	119	0.132383	0	119	0.213979	0	119	-0.269389	0	119	0.00597605	0	
120	0.887645	0	120	0.715916	0	120	0.12001	0	120	0.226618	0	120	-0.280188	0	120	0.00609782	0	
121	0.899049	0	121	0.713146	0	121	0.120195	0	121	0.225774	0	121	-0.283985	0	121	0.0057982	0	
123	0.89949	0	123	0.696587	0	123	0.137239	0	123	0.220106	0	123	-0.283558	0	123	0.00687754	0	
124	0.891927	0	124	0.711882	0	124	0.144857	0	124	0.22375	0	124	-0.280611	0	124	0.00682287	0	
125	0.824692	0	125	0.627093	0	125	0.194127	0	125	0.196195	0	125	-0.257696	0	125	0.00693016	0	
126	0.642299	0	126	0.489522	0	126	0.299747	0	126	0.149466	0	126	-0.195944	0	126	0.0071138	0	
127	0.595404	0	127	0.44998	0	127	0.333887	0	127	0.135938	0	127	-0.179986	0	127	0.00780261	0	
128	0.578229	0	128	0.434522	0	128	0.358196	0	128	0.130602	0	128	-0.173922	0	128	0.0086264	0	
130	0.552047	0	130	0.44719	0	130	0.372227	0	130	0.134208	0	130	-0.165482	0	130	0.00797875	0	
131	0.501239	0	131	0.419082	0	131	0.401928	0	131	0.12531	0	131	-0.147787	0	131	0.00891255	0	
132	0.431329	0	132	0.386748	0	132	0.43214	0	132	0.114666	0	132	-0.124192	0	132	0.00921425	0	
133	0.370426	0	133	0.351206	0	133	0.461557	0	133	0.102872	0	133	-0.104146	0	133	0.0090242	0	
134	0.237456	0	134	0.257363	0	134	0.538191	0	134	0.0710245	0	134	-0.0592257	0	134	0.00960625	0	
135	0.210791	0	135	0.221079	0	135	0.560938	0	135	0.0592011	0	135	-0.049321	0	135	0.0104013	0	
136	0.180321	0	136	0.214013	0	136	0.574023	0	136	0.0564764	0	136	-0.0392696	0	136	0.0105154	0	
137	0.167927	0	137	0.221331	0	137	0.573673	0	137	0.0586955	0	137	-0.0348534	0	137	0.0102246	0	
138	0.16846	0	138	0.235804	0	138	0.565564	0	138	0.0633666	0	138	-0.0347838	0	138	0.0104221	0	
139	0.163211	0	139	0.241809	0	139	0.556548	0	139	0.0656679	0	139	-0.03258	0	139	0.0102424	0	
140	0.173483	0	140	0.26266	0	140	0.534843	0	140	0.0724479	0	140	-0.0355804	0	140	0.0101318	0	
141	0.193178	0	141	0.280697	0	141	0.516525	0	141	0.0783181	0	141	-0.0419135	0	141	0.0103329	0	
143	0.295152	0	143	0.338246	0	143	0.440757	0	143	0.0983848	0	143	-0.0761515	0	143	0.0110142	0	
144	0.385536	0	144	0.414222	0	144	0.374521	0	144	0.123762	0	144	-0.107256	0	144	0.0110321	0	
145	0.440063	0	145	0.450786	0	145	0.340728	0	145	0.136175	0	145	-0.125923	0	145	0.010544	0	
146	0.542519	0	146	0.513138	0	146	0.279966	0	146	0.157542	0	146	-0.161314	0	146	0.0115179	0	
147	0.576101	0	147	0.513828	0	147	0.264903	0	147	0.158428	0	147	-0.173292	0	147	0.0120534	0	
148	0.663844	0	148	0.570074	0	148	0.221414	0	148	0.177375	0	148	-0.202974	0	148	0.0126971	0	
149	0.713293	0	149	0.610055	0	149	0.197175	0	149	0.190679	0	149	-0.219625	0	149	0.0126248	0	
150	0.773696	0	150	0.6488	0	150	0.163314	0	150	0.204918	0	150	-0.241276	0	150	0.0124968	0	
151	0.811847	0	151	0.678034	0	151	0.14584	0	151	0.214711	0	151	-0.254098	0	151	0.0125998	0	
152	0.858055	0	152	0.716157	0	152	0.12497	0	152	0.227304	0	152	-0.269998	0	152	0.0123649	0	
153	0.873655	0	153	0.711286	0	153	0.122178	0	153	0.226238	0	153	-0.275329	0	153	0.0127153	0	
155	0.891756	0	155	0.733511	0	155	0.120057	0	155	0.232642	0	155	-0.281217	0	155	0.0126971	0	
156	0.875043	0	156	0.70653	0	156	0.143232	0	156	0.223106	0	156	-0.275126	0	156	0.0130216	0	
157	0.833199	0	157	0.6675	0	157	0.170007	0	157	0.209688	0	157	-0.260517	0	157	0.01313	0	
158	0.602144	0	158	0.468666	0	158	0.307537	0	158	0.142275	0	158	-0.181857	0	158	0.0137374	0	
159	0.459399	0	159	0.353427	0	159	0.39776	0	159	0.102952	0	159	-0.133521	0	159	0.0143825	0	
161	0.377568	0	161	0.283159	0	161	0.474211	0	161	0.0784816	0	161	-0.106146	0	161	0.0153911	0	
162	0.391032	0	162	0.296036	0	162	0.469976	0	162	0.0830906	0	162	-0.111139	0	162	0.014414	0	
163	0.34353	0	163	0.266059	0	163	0.496196	0	163	0.0741617	0	163	-0.0951957	0	163	0.0150367	0	
164	0.295262	0	164	0.248515	0	164	0.521726	0	164	0.0672084	0	164	-0.0784657	0	164	0.0143869	0	
165	0.121831	0	165	0.0928814	0	165	0.638376	0	165	0.0157008	0	165	-0.0202134	0	165	0.0146738	0	
166	-0.035533	0	166	-0.028217	0	166	0.751108	0	166	-0.0249523	0	166	0.032942	0	166	0.0151276	0	
167	-0.11189	0	167	-0.0648003	0	167	0.80007	0	167	-0.0381137	0	167	0.0592402	0	167	0.0145115	0	
168	-0.212302	0	168	-0.114802	0	168	0.858446	0	168	-0.0554067	0	168	0.0938618	0	168	0.0131493	0	
169	-0.222486	0	169	-0.120633	0	169	0.863341	0	169	-0.0578575	0	169	0.0982703	0	169	0.0130553	0	
170	-0.243936	0	170	-0.133366	0	170	0.872605	0	170	-0.0623786	0	170	0.106172	0	170	0.0133926	0	
171	-0.22714	0	171	-0.136704	0	171	0.857646	0	171	-0.0649212	0	171	0.103113	0	171	0.0134277	0	
172	-0.19097	0	172	-0.134069	0	172	0.825742	0	172	-0.064315	0	172	0.0911067	0	172	0.0136543	0	
173	-0.149749	0	173	-0.115156	0	173	0.793837	0	173	-0.0581893	0	173	0.0773987	0	173	0.0142595	0	
174	-0.0529956	0	174	-0.0529228	0	174	0.719575	0	174	-0.0378245	0	174	0.0441878	0	174	0.0143948	0	
176	0.0665001	0	176	0.0190232	0	176	0.633716	0	176	-0.0132826	0	176	0.00332218	0	176	0.0149772	0	
177	0.209022	0	177	0.104513	0	177	0.535417	0	177	0.0163232	0	177	-0.0458635	0	177	0.0153944	0	
178	0.42546	0	178	0.224729	0	178	0.407228	0	178	0.0583243	0	178	-0.120524	0	178	0.0161065	0	
179	0.543139	0	179	0.307673	0	179	0.339762	0	179	0.0865353	0	179	-0.161281	0	179	0.0163814	0	
180	0.729448	0	180	0.440932	0	180	0.234307	0	180	0.132564	0	180	-0.225934	0	180	0.0169959	0	
